0.0104012345584
0.0104012345584
0.0104012345584
0.0104012345584
0.0104012345584
0.0104012345584
0.0104012345584
0.0104012345584
0.0105143473857
0.0104012345584
0.0104012345584
0.0104012345584
0.012367355184
0.0112017253361
0.0123579897928
0.0104012345584
0.0104012345584
0.0104012345584
0.0123579897928
0.0112017253361
0.0104012345584
0.0104012345584
0.0104012345584
0.0104012345584
0.0104012345584
0.0104012345584
0.0104012345584
0.0104012345584
0.0104012345584
0.0104012345584
0.0112017253361
0.0104012345584
0.0104012345584
0.0104012345584
0.0104012345584
0.0104012345584
0.0123579897928
0.0112017253361
0.0112017253361
0.0104012345584
0.0104012345584
0.0104012345584
0.0104012345584
0.0105143473857
0.0104012345584
0.0112017253361
0.0104012345584
0.0105143473857
0.0104012345584
0.0123579897928
0.0104012345584
0.0112017253361
0.0112017253361
0.0104012345584
0.0104012345584
0.0104012345584
0.0112017253361
0.0112017253361
0.0104012345584
0.0104012345584
0.0104012345584
0.0104012345584
0.0104012345584
0.0112017253361
0.0123579897928
0.0104012345584
0.0104012345584
0.0104012345584
0.0104012345584
0.0104012345584
0.0123579897928
0.0104012345584
0.0112017253361
0.0112017253361
0.0104012345584
0.0104012345584
0.0104012345584
0.0104012345584
0.0104012345584
0.0104012345584
0.0104012345584
0.0104012345584
0.0123579897928
0.0104036166114
0.0112017253361
0.0112017253361
0.0112017253361
0.0123579897928
0.0104012345584
0.0104012345584
0.0112017253361
0.0104012345584
0.0104012345584
0.000124185934767
0.000124185934767
0.000124185934767
0.000234916709064
0.000237123018423
0.000135181140933
0.000135181140933
